AIS1 BV1 BV2 BV3 EM2 EM3 EM4 LG1 LG2 LG3 LG4 LG5 LG6 LG7 MA1 MA2 MBL1 MBL2 MV1 MV2 PM1 RM1 RM2  
Atribacterota 0 0.0553468569997496 0.0868553008595989 0.844180798928181 0 0 0 0.384804305795057 0.38533592452774 0.242528195488722 0.0423198859089323 0.273067047509078 0.372056600433083 0.223635082775625 0.291217707108085 0.207075759741188 0 0 0 0 0.335681334991376 0 0 NA
CAIJMQ01 0 0.00125219133483596 0.00107449856733524 0.00015865740577513 0 0 0 0.05888193182901 0.00268054593785601 0.00682733619763695 0.0028240617240884 0.00256764763973928 0.0050526373132499 0.005213103205354 0.000163127935229624 0.000194888718541713 0 0 0 0 0.000112318985920013 0 0 NA
Desulfobacterota 0.0176600441501104 0.104432757325319 0.0705587392550143 0.0464161054895462 0.0140845070422535 0.032514450867052 0.0166910688140556 0.302223287810186 0.378865384472193 0.250241675617615 0.0583203373484087 0.525045959373433 0.367099295899329 0.499119408242339 0.119804589904957 0.15935400886094 0.0479936612145566 0.122107026913813 0.131212940951444 0.126768713832369 0.13638734004573 0.00673457361730785 0.0168592686401773 NA
Halobacteriota 0 0.00525920360631104 0.00393982808022923 0.0203434051405 0.0169014084507042 0.00505780346820809 0.00175695461200586 0.0026219611531711 0.00769167764945905 0.0223549946294307 0.000456569470379414 0.00484662483477415 0.00725891021014068 0.00419161676646706 0.117409184961321 0.178531058765445 0.00113192597204143 0.00712116451984501 0.000983687187474383 0.00141870449878663 0.0706887560672309 0.00071554844683896 0.00126642393541238 NA
Nanoarchaeota 0.0154525386313466 0.00375657400450789 0.0034025787965616 0.000916687233367415 0 0 0.00146412884333821 0.0160237790052531 0.0451820909747507 0.144750268528464 0.0162723411240843 0.0470836688494204 0.0722350089204244 0.117013032758013 0.00501403758811055 0.0034820117712786 0.00350897051332843 0.00555031940517332 0 0.000186671644577189 0.00198965060772594 0.000883912787271656 0.00114769669146747 NA
Nitrospinota 0 0.00225394440270473 0 0.000229171808341854 0 0 0.00117130307467057 0.000156764383132152 0.00246461307063983 0.000288668098818475 0.852948720579484 7.59659065011623e-05 0.000149808653492584 0.000422684043677351 0.0538579756681806 0.0714202190549196 0.000565962986020714 0.00125667609173735 0.000191272508675574 0.000261340302408064 0.326134221188174 0 0.000573848345733734 NA
Nitrospirota 0.0662251655629139 0.247933884297521 0.131984240687679 0.0315199379473257 0.12112676056338 0.055635838150289 0.0456808199121523 0.0331817944296389 0.0028220191956873 0.0101235230934479 0.00177241294400099 0.0110910223491697 0.0108815558309614 0.0104614300810144 0.113914812875087 0.0803851001078384 0.119927556737789 0.409990574929312 0.527912123944586 0.579391450438678 0.0361988046050784 0.0167522518730533 0.136833148646509 NA
Omnitrophota 0 0.0363135487102429 0.0555157593123209 0.0102069597715333 0 0.00361271676300578 0.0020497803806735 0.0698400695910909 0.0154950447129954 0.0215359828141783 0.00415529517985759 0.0123672495783892 0.0442480286543097 0.0174357168016907 0.00945283456251663 0.012628788961503 0.003169392721716 0.00827311760393759 0.00139355684892204 0.00164271047227926 0.0128845922419672 0.000757639531947134 0.00140493905334811 NA
Patescibacteria 0.613686534216336 0.399198597545705 0.44269340974212 0.0357860593026126 0.633802816901408 0.695809248554913 0.744948755490483 0.0711648823191292 0.0535662429914893 0.196005639097744 0.0187757782200973 0.0428143849040551 0.0915739441894671 0.0797816132441 0.0453066375898277 0.0392635804955371 0.106401041371894 0.0763430725730443 0.0276798644697653 0.0352622736606309 0.0337759236230896 0.182969946965233 0.226986702548678 NA
Ratteibacteria 0 0.106436263461057 0.100823782234957 0.00890244332404894 0 0 0.00102489019033675 0.0594352178871235 0.0758966798460175 0.103067937701396 0.00176728294995178 0.0381652714261839 0.0250861399757582 0.0382881296231067 0.240742489675719 0.246157444099419 0 0 0 0 0.0460908981507481 0.000294637595757219 0.000138515117935729 NA
Thermoproteota 0.286975717439294 0.0378161783120461 0.103151862464183 0.00133977364876776 0.214084507042254 0.207369942196532 0.185212298682284 0.00166600579720836 0.0299997766211718 0.00227577873254565 0.000387314550715121 0.042875157629256 0.00435806991978428 0.00443818245861219 0.00311660213096597 0.00150713942338924 0.717301488482653 0.369358047963138 0.310626554089133 0.255068135150271 5.61594929600064e-05 0.790891489182591 0.614789457020738 NA
