Phylum AIS1 BV1 BV2 BV3 EM1 EM2 EM3 EM4 LG1 LG2 LG3 LG4 LG5 LG6 LG7 MA1 MA2 MBL1 MBL2 MV1 MV2 PC1 PM1 PM2 RM1 RM2
Acidobacteriota 0.00563133525215868 0.0013041945717307 0.0034675751307945 0.0143492477180482 0.00627110467920888 0.00425598991172762 0.00200755786490316 0.00285225328009127 0.0140853319277285 0.00756361665780004 0.00178593172870073 0.000495338766029379 0.00739892077207651 0.00192760447321954 0.00434520110877546 0.00413400758533502 0.00317182119924311 0.0211219767622875 0.0323290548709744 0.116569145354145 0.130153535600685 0.0239350974527577 0.00694401079069303 0.00536480686695279 0.00581746244635193 0.00730109404283266
Actinomycetota 0.169440620698286 0.311068029608742 0.394847305024942 0.677454256355692 0.229618909792571 0.212641866330391 0.35998267989293 0.247973171532784 0.0936107729571667 0.304930394239888 0.0507417705077729 0.0167116719606999 0.107109435810427 0.307175789680204 0.324929379464738 0.0392414664981037 0.0269721127896516 0.255827118212309 0.756640572524211 0.0699160468700896 0.0901257034499633 0.841000936094431 0.0318412868900573 0.402002861230329 0.0609911480686695 0.0894007592625222
Atribacterota 0 0.00389495946422277 0.014752402968731 0.143124854295808 0 0 0 0 0.261852470057688 0.171002501379559 0.183296464666964 0.0396727878675666 0.157187710445072 0.133995487541691 0.0279793933464659 0.214405815423515 0.123600210937742 0 0 0 0 0 0.261280895227866 0 0 0
Bacillota 0.0799649605806532 0.408389143461403 0.206016547025186 0.0319921573784603 0.0680173661360347 0.0905580075662043 0.126869784285939 0.113606112465211 0.0142735825771932 0.00586849418272297 0.00610869829930592 0.00153651199753773 0.014141908851593 0.0060525799489896 0.00464487015075997 0.0100063211125158 0.00549058535223501 0.00115693239552228 0.00114797943407056 0.00202026248447391 0.00239708221189136 0.00652982944816092 0.0036281207458567 0.219241773962804 0.00539833690987124 0.0210511140655785
Bacteroidota 0.0687022900763359 0.0934966513923158 0.14536439956199 0.0308175574298677 0.112397491558128 0.114123581336696 0.118878916706031 0.0995522826669432 0.100130520450296 0.0576903378018921 0.0456883955026992 0.0102506269882682 0.0673948977182288 0.0748087110064744 0.0960527417513893 0.0125916561314791 0.00860812110308031 0.0170178740748079 0.010698191321764 0.0678658545710309 0.0577670051382432 0.00373676720168649 0.051624224106708 0.0783261802575107 0.0756102467811159 0.102308222140351
CAIJMQ01 0 8.8121254846669e-05 0.000182503954252342 2.6899235463952e-05 0 0 0 0 0.0400681049016286 0.00118955963163303 0.00515992206843366 0.00264741738542886 0.00147803500056847 0.00181969786148715 0.000652220856083943 0.000120101137800253 0.000116325960852437 0 0 0 0 0 8.74245962857036e-05 0 0 0
Chloroflexota 0.00387936428482042 0.0145047585477617 0.0349495072393235 0.0168897310674214 0.0120598166907863 0.00204918032786885 0.00228310502283105 0.00262753029438711 0.00846918755203039 0.0246073627132533 0.037463976945245 0.00842316357961609 0.0541363115592832 0.0300912301353738 0.0180770942679482 0.0350252844500632 0.0238933523590905 0.0570647174537581 0.0621301124775594 0.0331697170136031 0.0366176290677759 0.0202972670608918 0.0112527944647741 0.00536480686695279 0.0124061158798283 0.0124173060596838
Cyanobacteriota 0.00550619446877737 0.0013570673246387 0.00057792918846575 0.0151562247819668 0.00482392667631452 0.226276796973518 0.00354274917335853 0.00352642223720375 0.000493635036374209 0.0263850934960827 0.000578398343954215 0.000141868869882201 0.000892068461881565 0.00064743967039435 0.000405434586214343 0.00104930467762326 0.000573874740205354 0.410201525594034 0.00365887913242065 0.00829055863998922 0.00664072057744067 0.0303964321864274 0.000418389139367296 0.00572246065808298 0.00301770386266094 0.00579858719505358
Desulfobacterota 0.00100112626705043 0.0073493126542122 0.0119844263292371 0.00786952077517619 0 0.000394073139974779 0.00177137458667926 0.00197064772079033 0.20565755951858 0.168131036602089 0.189126111133661 0.0546724151612135 0.302236293193168 0.132210123602119 0.0624457400723613 0.088204804045512 0.095115860657009 0.00300024058532996 0.00284796600026868 0.0359307424090508 0.0259626559823832 0.000684947144911984 0.106158438346926 0 0.0026824034334764 0.00272950071280975
Gemmatimonadota 0 0.000317236517448008 0.00109502372551405 0.00198755462039201 0.00530631934394597 0.0026796973518285 0.000708549834671705 0.000743314491175301 0.000435068167651845 0.000485736849583489 0.000162357429881885 5.29002565662443e-05 0.000647186923325841 0.000461055522856582 0.000550862209530357 0.000309734513274336 0.000201631665477557 0.0347079718656685 0.00249868715117912 0.0233527378297891 0.0202509481282114 0.00101981019353562 0.000830533664714184 0 0.00167650214592275 0.00332537762898653
Halobacteriota 0 0.00037010927035601 0.000669181165591921 0.00344907974726674 0 0.000472887767969735 0.000275547157927885 0.000207436602188456 0.00178419782214915 0.00341337527632479 0.0168953200470837 0.00042801116676325 0.00278990038568842 0.00261428291151658 0.0005244208234729 0.086441213653603 0.106562335204889 7.07603911634424e-05 0.000166090641525103 0.000269368331263188 0.000290555419623196 0.00019787361964124 0.0550212941338096 0 0.000285005364806867 0.00020503291739416
Nanoarchaeota 0.000875985483669128 0.000264363764540007 0.00057792918846575 0.000155417804902834 0 0 0 0.000172863835157047 0.0109038959517744 0.0200506884576368 0.109398465722288 0.0152545103480116 0.0271031388565781 0.026015303119482 0.0146397140804788 0.00369152970922882 0.0020783571672302 0.000219357212606671 0.000129453000012213 0 3.82309762662099e-05 0 0.00154866427706103 0 0.000352065450643777 0.000185811081388457
Nitrospinota 0 0.000158618258724004 0 3.88544512257085e-05 0 0 0 0.000138291068125637 0.00010667536803002 0.00109373399464037 0.000218167796403783 0.79959699622725 4.37288461706649e-05 5.39533058661958e-05 5.28827721149143e-05 0.0396523388116308 0.0426295871203896 3.53801955817212e-05 2.93101132103123e-05 5.23771755233976e-05 5.35233667726939e-05 0 0.253849804543581 0 0 9.29055406942286e-05
Nitrospirota 0.00375422350143912 0.0174480084596405 0.0224175690473294 0.00534398144550514 0 0.0033890290037831 0.00303101873720674 0.00539335165689986 0.0225796195663542 0.00125234194552478 0.00765109388318383 0.0016615489676034 0.00638441154091708 0.00391897194428095 0.00130884860984413 0.0838685208596713 0.0479805813196017 0.00749706344376672 0.00956242443486438 0.144561004444577 0.118661304135062 0.000136989428982397 0.0281756984600782 0 0.00667247854077253 0.0221531659965721
Omnitrophota 0 0.0025555163905534 0.00942937096970434 0.00173051748151425 0 0 0.000196819398519918 0.000242009369219866 0.0475249222943152 0.00687631553730096 0.016276332345659 0.0038953825289689 0.00711905615658425 0.0159358446144791 0.00218141434974021 0.00695954487989886 0.00753792226323789 0.000198129095257639 0.000192958245301222 0.000381605135956183 0.000336432591142647 5.32736668264877e-05 0.0100288501167743 0 0.000301770386266094 0.000227458392734146
Other 0.0347891377800025 0.00541064504758548 0.00769558340430709 0.00733452486983759 0.0135069946936807 0.0200189155107188 0.0155093686033695 0.0196891908243876 0.0551553486192861 0.0500936778209911 0.0708690181434428 0.0160864871103716 0.0910609492657927 0.0432950755346282 0.0173808044351018 0.0255246523388116 0.0191705183484816 0.0226504012114179 0.0103269298877667 0.0313065860556994 0.0301986481526792 0.00450543010875439 0.0137631293009779 0.0103719599427754 0.00860045600858369 0.0114722324560701
Patescibacteria 0.0347891377800025 0.0280930560451181 0.075191629151965 0.0060672719990914 0.0130246020260492 0.0177332912988651 0.0379074161549362 0.0879531193279054 0.0484264337378631 0.0237713666388001 0.148135933758169 0.0176013580938595 0.0246455777017868 0.0329801844222091 0.00998162323669007 0.0333565107458913 0.0234358035797376 0.00665147676936358 0.00178058937752647 0.00757972554360026 0.00722183141668706 0.000273978857964794 0.0262898250259151 0.00286123032904149 0.0728775482832618 0.0367489468035689
Planctomycetota 0.00926041797021649 0.00327811068029609 0.00319381919941599 0.00401097488806929 0.0135069946936807 0.00433480453972257 0.004802393323886 0.00798630918425556 0.00950247445020352 0.0109538616079542 0.0139170759426878 0.00333271616367339 0.0212784565466456 0.0103688444182853 0.00744765707285043 0.00518331226295828 0.00504079163693892 0.00896534156040815 0.0163819107751304 0.0693698277539171 0.0685137325666748 0.00788450269032017 0.00268518402877518 0.00357653791130186 0.0839089324034335 0.0587451344727611
Pseudomonadota 0.561506695031911 0.0837680648572436 0.0255505535953279 0.0270905189161401 0.514712976362759 0.291456494325347 0.307392536608408 0.379228681567529 0.0172709512514485 0.0633010940644279 0.0120905548565166 0.0049942651312768 0.0534978704051915 0.15970178536394 0.399974439993478 0.0291466498103666 0.014703601451748 0.103044819631763 0.0708059059878119 0.232816545201502 0.289668460973819 0.0583498862226687 0.0148122244564063 0.263590844062947 0.336708690987124 0.521363468900671
Ratteibacteria 0 0.00749030666196687 0.0171249543740114 0.00150934598992175 0 0 0 0.000121004684609933 0.0404446062005581 0.0336810592367653 0.0778960506555181 0.00165673985337011 0.0219693723161421 0.00903472630959388 0.00479029777407598 0.17724399494311 0.146927443620684 0 0 0 0 0 0.0358753075472405 0 0.000117355150214592 2.24254753399862e-05
Thermoproteota 0.0162683018395695 0.0026612618963694 0.0175203796082248 0.000227149099473373 0 0.00598991172761665 0.0112974334750433 0.0218672751473664 0.00113368724455433 0.0133131548773597 0.00171997402281122 0.000363088124613768 0.0246805607787233 0.00156955071610751 0.0005552691072066 0.00229456384323641 0.000899587430592177 0.0448408598802734 0.00861473077439762 0.0850605330499977 0.0522388059701493 5.32736668264877e-05 4.37122981428518e-05 0 0.315014753218884 0.0995338704768617
Verrucomicrobiota 0.00463020898510825 0.00673246387028551 0.00739141014721986 0.00337435964875576 0.00675349734684033 0.00362547288776797 0.00354274917335853 0.00414873204376912 0.00609095434712583 0.00434519698777067 0.00481998619961846 0.000524193451429149 0.00680420846415546 0.00532175789680204 0.0010796899306795 0.101548672566372 0.295289574091882 0.00572805366468066 0.0100582538500055 0.0714873621357916 0.062863194274529 0.000943704955212067 0.0838401878379897 0.00357653791130186 0.00756102467811159 0.00491758637812555
